      0/14    0.776G    0.1116   0.01957   0.04045    0.1716        14       448  0.007777    0.2033  0.005247 0.0008535   0.08371   0.01297   0.03692
      1/14     1.65G   0.08675   0.02157   0.03588    0.1442        12       448   0.05969    0.2073   0.04549   0.01052     0.067   0.01234   0.03205
      2/14     1.66G   0.07013   0.02209   0.03201    0.1242         7       448    0.2389    0.4948    0.3101   0.09461   0.05637    0.0105    0.0267
      3/14     1.66G    0.0622   0.02077   0.02861    0.1116         9       448    0.3322    0.4989    0.3284   0.08728    0.0512  0.009728   0.02206
      4/14     1.66G   0.05863    0.0185   0.02459    0.1017         5       448    0.6067    0.5294    0.5091    0.1928   0.04719  0.008583   0.01932
      5/14     1.66G   0.05598   0.01797   0.02167   0.09563         8       448    0.4725    0.6353     0.551    0.1877   0.04717  0.007754   0.01827
      6/14     1.66G   0.05304   0.01687   0.01763   0.08753        12       448    0.4611    0.6488    0.5053    0.2104   0.04793  0.007309   0.01623
      7/14     1.66G   0.05184   0.01637   0.01698   0.08519         5       448    0.4529    0.4569    0.4008    0.1398    0.0507  0.007705   0.01929
      8/14     1.66G    0.0496   0.01619   0.01551    0.0813        10       448    0.7449    0.6006    0.6391    0.2715   0.04322  0.006956   0.01381
      9/14     1.66G   0.05075   0.01543   0.01401   0.08018        14       448    0.5291    0.5882    0.5559    0.2377   0.04395  0.006969   0.01671
     10/14     1.66G   0.04818    0.0154   0.01448   0.07806         8       448    0.6079    0.6483    0.6273    0.2638   0.04512   0.00653   0.01508
     11/14     1.66G   0.04603   0.01494   0.01315   0.07413         8       448    0.7558    0.6261    0.6907    0.3162   0.04143  0.006407   0.01663
     12/14     1.66G   0.04584   0.01521   0.01278   0.07383         9       448    0.8021    0.6444    0.7012    0.3399   0.03945  0.006454   0.01496
     13/14     1.66G   0.04349   0.01475   0.01265   0.07089         6       448    0.7693    0.6049    0.7057    0.3442   0.04092  0.006348   0.01526
     14/14     1.66G   0.04253   0.01456   0.01167   0.06876         9       448    0.7724    0.7078    0.7408    0.3591   0.03764  0.006186    0.0146
